image: /home/chacha/catkin_ws/hallway.pgm
resolution: 0.050000
origin: [-0.793409, -38.771148, 0.000000]
negate: 0
occupied_thresh: 0.65
free_thresh: 0.196

